{
 "cells": [
  {
   "cell_type": "code",
   "execution_count": 34,
   "id": "0af2d8b1",
   "metadata": {},
   "outputs": [],
   "source": [
    "import pandas as pd\n",
    "import numpy as np\n",
    "import seaborn as sns\n",
    "import matplotlib.pyplot as plt\n",
    "import scipy as sp\n",
    "import pylab as pl\n",
    "import scipy.optimize\n",
    "from scipy.stats import spearmanr\n",
    "from IPython.display import Image \n",
    "# ISH_data_processed=pd.read_csv('data/ISH_processed_data_strict.csv')\n",
    "# allen_brain_reg_coords=pd.read_csv('data/allen_brain_reg_coords.csv')\n",
    "# allen_brain_reg_coords.drop('Unnamed: 0',axis=1,inplace=True)\n",
    "gene_exp=pd.read_csv('notebook10data/ROI_ISH_data.csv')\n",
    "# druglist=['amphetamine','caffeine','carbamazepine',\n",
    "#          'cocaine','ethanol','fluoxetine','ketamine',\n",
    "#          'meth','morphine','nicotine','stress','toluene']#,'All_Drugs']\n",
    "druglist=['amphetamine',\n",
    "         'cocaine',\n",
    "         'meth','morphine','nicotine']#,'All_Drugs']\n",
    "regions=list(gene_exp['brain_region2']) "
   ]
  },
  {
   "cell_type": "code",
   "execution_count": 35,
   "id": "b15aa4c6",
   "metadata": {},
   "outputs": [
    {
     "data": {
      "text/html": [
       "<div>\n",
       "<style scoped>\n",
       "    .dataframe tbody tr th:only-of-type {\n",
       "        vertical-align: middle;\n",
       "    }\n",
       "\n",
       "    .dataframe tbody tr th {\n",
       "        vertical-align: top;\n",
       "    }\n",
       "\n",
       "    .dataframe thead th {\n",
       "        text-align: right;\n",
       "    }\n",
       "</style>\n",
       "<table border=\"1\" class=\"dataframe\">\n",
       "  <thead>\n",
       "    <tr style=\"text-align: right;\">\n",
       "      <th></th>\n",
       "      <th>Anterior Cortex</th>\n",
       "      <th>BST</th>\n",
       "      <th>CBN</th>\n",
       "      <th>CeA</th>\n",
       "      <th>DR</th>\n",
       "      <th>EAM</th>\n",
       "      <th>GPe</th>\n",
       "      <th>GPi</th>\n",
       "      <th>LDT</th>\n",
       "      <th>LH</th>\n",
       "      <th>...</th>\n",
       "      <th>NAcCore</th>\n",
       "      <th>NAcMedS</th>\n",
       "      <th>Orb</th>\n",
       "      <th>PALv</th>\n",
       "      <th>PB</th>\n",
       "      <th>PO</th>\n",
       "      <th>PVH</th>\n",
       "      <th>STRd</th>\n",
       "      <th>Septum</th>\n",
       "      <th>ZI</th>\n",
       "    </tr>\n",
       "    <tr>\n",
       "      <th>Unnamed: 0</th>\n",
       "      <th></th>\n",
       "      <th></th>\n",
       "      <th></th>\n",
       "      <th></th>\n",
       "      <th></th>\n",
       "      <th></th>\n",
       "      <th></th>\n",
       "      <th></th>\n",
       "      <th></th>\n",
       "      <th></th>\n",
       "      <th></th>\n",
       "      <th></th>\n",
       "      <th></th>\n",
       "      <th></th>\n",
       "      <th></th>\n",
       "      <th></th>\n",
       "      <th></th>\n",
       "      <th></th>\n",
       "      <th></th>\n",
       "      <th></th>\n",
       "      <th></th>\n",
       "    </tr>\n",
       "  </thead>\n",
       "  <tbody>\n",
       "    <tr>\n",
       "      <th>Anterior Cortex</th>\n",
       "      <td>0.000000</td>\n",
       "      <td>0.802085</td>\n",
       "      <td>0.767738</td>\n",
       "      <td>0.771835</td>\n",
       "      <td>0.782352</td>\n",
       "      <td>0.774943</td>\n",
       "      <td>0.265669</td>\n",
       "      <td>0.782261</td>\n",
       "      <td>0.800444</td>\n",
       "      <td>0.804958</td>\n",
       "      <td>...</td>\n",
       "      <td>0.203949</td>\n",
       "      <td>0.160810</td>\n",
       "      <td>0.154059</td>\n",
       "      <td>0.778658</td>\n",
       "      <td>0.768799</td>\n",
       "      <td>0.799954</td>\n",
       "      <td>0.804264</td>\n",
       "      <td>0.270487</td>\n",
       "      <td>0.804120</td>\n",
       "      <td>0.778118</td>\n",
       "    </tr>\n",
       "    <tr>\n",
       "      <th>BST</th>\n",
       "      <td>0.802085</td>\n",
       "      <td>0.000000</td>\n",
       "      <td>0.831711</td>\n",
       "      <td>0.838632</td>\n",
       "      <td>0.849890</td>\n",
       "      <td>0.841891</td>\n",
       "      <td>0.802533</td>\n",
       "      <td>0.848000</td>\n",
       "      <td>0.216539</td>\n",
       "      <td>0.167614</td>\n",
       "      <td>...</td>\n",
       "      <td>0.802975</td>\n",
       "      <td>0.801172</td>\n",
       "      <td>0.803951</td>\n",
       "      <td>0.845314</td>\n",
       "      <td>0.835128</td>\n",
       "      <td>0.160865</td>\n",
       "      <td>0.215169</td>\n",
       "      <td>0.803782</td>\n",
       "      <td>0.251109</td>\n",
       "      <td>0.842832</td>\n",
       "    </tr>\n",
       "    <tr>\n",
       "      <th>CBN</th>\n",
       "      <td>0.767738</td>\n",
       "      <td>0.831711</td>\n",
       "      <td>0.000000</td>\n",
       "      <td>0.169033</td>\n",
       "      <td>0.294559</td>\n",
       "      <td>0.220469</td>\n",
       "      <td>0.776517</td>\n",
       "      <td>0.295624</td>\n",
       "      <td>0.837856</td>\n",
       "      <td>0.833254</td>\n",
       "      <td>...</td>\n",
       "      <td>0.773216</td>\n",
       "      <td>0.770546</td>\n",
       "      <td>0.767989</td>\n",
       "      <td>0.273276</td>\n",
       "      <td>0.148798</td>\n",
       "      <td>0.834828</td>\n",
       "      <td>0.836934</td>\n",
       "      <td>0.778706</td>\n",
       "      <td>0.840575</td>\n",
       "      <td>0.252704</td>\n",
       "    </tr>\n",
       "    <tr>\n",
       "      <th>CeA</th>\n",
       "      <td>0.771835</td>\n",
       "      <td>0.838632</td>\n",
       "      <td>0.169033</td>\n",
       "      <td>0.000000</td>\n",
       "      <td>0.253237</td>\n",
       "      <td>0.183568</td>\n",
       "      <td>0.776176</td>\n",
       "      <td>0.245237</td>\n",
       "      <td>0.844591</td>\n",
       "      <td>0.840179</td>\n",
       "      <td>...</td>\n",
       "      <td>0.773602</td>\n",
       "      <td>0.775308</td>\n",
       "      <td>0.770345</td>\n",
       "      <td>0.240015</td>\n",
       "      <td>0.164297</td>\n",
       "      <td>0.841663</td>\n",
       "      <td>0.843733</td>\n",
       "      <td>0.778275</td>\n",
       "      <td>0.847252</td>\n",
       "      <td>0.202350</td>\n",
       "    </tr>\n",
       "    <tr>\n",
       "      <th>DR</th>\n",
       "      <td>0.782352</td>\n",
       "      <td>0.849890</td>\n",
       "      <td>0.294559</td>\n",
       "      <td>0.253237</td>\n",
       "      <td>0.000000</td>\n",
       "      <td>0.202048</td>\n",
       "      <td>0.784735</td>\n",
       "      <td>0.247196</td>\n",
       "      <td>0.855803</td>\n",
       "      <td>0.851501</td>\n",
       "      <td>...</td>\n",
       "      <td>0.784415</td>\n",
       "      <td>0.785988</td>\n",
       "      <td>0.780695</td>\n",
       "      <td>0.154553</td>\n",
       "      <td>0.272407</td>\n",
       "      <td>0.852860</td>\n",
       "      <td>0.854943</td>\n",
       "      <td>0.785108</td>\n",
       "      <td>0.858415</td>\n",
       "      <td>0.261890</td>\n",
       "    </tr>\n",
       "    <tr>\n",
       "      <th>EAM</th>\n",
       "      <td>0.774943</td>\n",
       "      <td>0.841891</td>\n",
       "      <td>0.220469</td>\n",
       "      <td>0.183568</td>\n",
       "      <td>0.202048</td>\n",
       "      <td>0.000000</td>\n",
       "      <td>0.777365</td>\n",
       "      <td>0.260176</td>\n",
       "      <td>0.847876</td>\n",
       "      <td>0.843475</td>\n",
       "      <td>...</td>\n",
       "      <td>0.776943</td>\n",
       "      <td>0.778483</td>\n",
       "      <td>0.773361</td>\n",
       "      <td>0.163779</td>\n",
       "      <td>0.184246</td>\n",
       "      <td>0.844897</td>\n",
       "      <td>0.847001</td>\n",
       "      <td>0.778572</td>\n",
       "      <td>0.850546</td>\n",
       "      <td>0.244034</td>\n",
       "    </tr>\n",
       "    <tr>\n",
       "      <th>GPe</th>\n",
       "      <td>0.265669</td>\n",
       "      <td>0.802533</td>\n",
       "      <td>0.776517</td>\n",
       "      <td>0.776176</td>\n",
       "      <td>0.784735</td>\n",
       "      <td>0.777365</td>\n",
       "      <td>0.000000</td>\n",
       "      <td>0.784493</td>\n",
       "      <td>0.799565</td>\n",
       "      <td>0.808537</td>\n",
       "      <td>...</td>\n",
       "      <td>0.175975</td>\n",
       "      <td>0.230754</td>\n",
       "      <td>0.239253</td>\n",
       "      <td>0.781103</td>\n",
       "      <td>0.775885</td>\n",
       "      <td>0.801504</td>\n",
       "      <td>0.807617</td>\n",
       "      <td>0.140917</td>\n",
       "      <td>0.805191</td>\n",
       "      <td>0.780365</td>\n",
       "    </tr>\n",
       "    <tr>\n",
       "      <th>GPi</th>\n",
       "      <td>0.782261</td>\n",
       "      <td>0.848000</td>\n",
       "      <td>0.295624</td>\n",
       "      <td>0.245237</td>\n",
       "      <td>0.247196</td>\n",
       "      <td>0.260176</td>\n",
       "      <td>0.784493</td>\n",
       "      <td>0.000000</td>\n",
       "      <td>0.853805</td>\n",
       "      <td>0.849541</td>\n",
       "      <td>...</td>\n",
       "      <td>0.784034</td>\n",
       "      <td>0.785883</td>\n",
       "      <td>0.780292</td>\n",
       "      <td>0.271562</td>\n",
       "      <td>0.291483</td>\n",
       "      <td>0.850980</td>\n",
       "      <td>0.852980</td>\n",
       "      <td>0.784578</td>\n",
       "      <td>0.856364</td>\n",
       "      <td>0.155937</td>\n",
       "    </tr>\n",
       "    <tr>\n",
       "      <th>LDT</th>\n",
       "      <td>0.800444</td>\n",
       "      <td>0.216539</td>\n",
       "      <td>0.837856</td>\n",
       "      <td>0.844591</td>\n",
       "      <td>0.855803</td>\n",
       "      <td>0.847876</td>\n",
       "      <td>0.799565</td>\n",
       "      <td>0.853805</td>\n",
       "      <td>0.000000</td>\n",
       "      <td>0.210169</td>\n",
       "      <td>...</td>\n",
       "      <td>0.801440</td>\n",
       "      <td>0.799879</td>\n",
       "      <td>0.802007</td>\n",
       "      <td>0.851297</td>\n",
       "      <td>0.841033</td>\n",
       "      <td>0.163182</td>\n",
       "      <td>0.172717</td>\n",
       "      <td>0.802473</td>\n",
       "      <td>0.164974</td>\n",
       "      <td>0.848675</td>\n",
       "    </tr>\n",
       "    <tr>\n",
       "      <th>LH</th>\n",
       "      <td>0.804958</td>\n",
       "      <td>0.167614</td>\n",
       "      <td>0.833254</td>\n",
       "      <td>0.840179</td>\n",
       "      <td>0.851501</td>\n",
       "      <td>0.843475</td>\n",
       "      <td>0.808537</td>\n",
       "      <td>0.849541</td>\n",
       "      <td>0.210169</td>\n",
       "      <td>0.000000</td>\n",
       "      <td>...</td>\n",
       "      <td>0.808174</td>\n",
       "      <td>0.807283</td>\n",
       "      <td>0.805550</td>\n",
       "      <td>0.846924</td>\n",
       "      <td>0.836479</td>\n",
       "      <td>0.163441</td>\n",
       "      <td>0.169402</td>\n",
       "      <td>0.809454</td>\n",
       "      <td>0.225865</td>\n",
       "      <td>0.844361</td>\n",
       "    </tr>\n",
       "    <tr>\n",
       "      <th>LHb</th>\n",
       "      <td>0.785498</td>\n",
       "      <td>0.853318</td>\n",
       "      <td>0.319021</td>\n",
       "      <td>0.273134</td>\n",
       "      <td>0.193541</td>\n",
       "      <td>0.260072</td>\n",
       "      <td>0.787863</td>\n",
       "      <td>0.186753</td>\n",
       "      <td>0.859106</td>\n",
       "      <td>0.854906</td>\n",
       "      <td>...</td>\n",
       "      <td>0.787519</td>\n",
       "      <td>0.789229</td>\n",
       "      <td>0.783643</td>\n",
       "      <td>0.245805</td>\n",
       "      <td>0.311682</td>\n",
       "      <td>0.856267</td>\n",
       "      <td>0.858277</td>\n",
       "      <td>0.788242</td>\n",
       "      <td>0.861647</td>\n",
       "      <td>0.228500</td>\n",
       "    </tr>\n",
       "    <tr>\n",
       "      <th>MHb</th>\n",
       "      <td>0.786757</td>\n",
       "      <td>0.854684</td>\n",
       "      <td>0.333371</td>\n",
       "      <td>0.291417</td>\n",
       "      <td>0.175188</td>\n",
       "      <td>0.262703</td>\n",
       "      <td>0.789091</td>\n",
       "      <td>0.241897</td>\n",
       "      <td>0.860497</td>\n",
       "      <td>0.856292</td>\n",
       "      <td>...</td>\n",
       "      <td>0.788834</td>\n",
       "      <td>0.790487</td>\n",
       "      <td>0.784972</td>\n",
       "      <td>0.233756</td>\n",
       "      <td>0.317163</td>\n",
       "      <td>0.857622</td>\n",
       "      <td>0.859654</td>\n",
       "      <td>0.789599</td>\n",
       "      <td>0.863044</td>\n",
       "      <td>0.271616</td>\n",
       "    </tr>\n",
       "    <tr>\n",
       "      <th>NAcCore</th>\n",
       "      <td>0.203949</td>\n",
       "      <td>0.802975</td>\n",
       "      <td>0.773216</td>\n",
       "      <td>0.773602</td>\n",
       "      <td>0.784415</td>\n",
       "      <td>0.776943</td>\n",
       "      <td>0.175975</td>\n",
       "      <td>0.784034</td>\n",
       "      <td>0.801440</td>\n",
       "      <td>0.808174</td>\n",
       "      <td>...</td>\n",
       "      <td>0.000000</td>\n",
       "      <td>0.162533</td>\n",
       "      <td>0.173655</td>\n",
       "      <td>0.780753</td>\n",
       "      <td>0.772660</td>\n",
       "      <td>0.801199</td>\n",
       "      <td>0.807265</td>\n",
       "      <td>0.179903</td>\n",
       "      <td>0.805174</td>\n",
       "      <td>0.779829</td>\n",
       "    </tr>\n",
       "    <tr>\n",
       "      <th>NAcMedS</th>\n",
       "      <td>0.160810</td>\n",
       "      <td>0.801172</td>\n",
       "      <td>0.770546</td>\n",
       "      <td>0.775308</td>\n",
       "      <td>0.785988</td>\n",
       "      <td>0.778483</td>\n",
       "      <td>0.230754</td>\n",
       "      <td>0.785883</td>\n",
       "      <td>0.799879</td>\n",
       "      <td>0.807283</td>\n",
       "      <td>...</td>\n",
       "      <td>0.162533</td>\n",
       "      <td>0.000000</td>\n",
       "      <td>0.184986</td>\n",
       "      <td>0.782239</td>\n",
       "      <td>0.771978</td>\n",
       "      <td>0.800289</td>\n",
       "      <td>0.806460</td>\n",
       "      <td>0.231293</td>\n",
       "      <td>0.803669</td>\n",
       "      <td>0.781681</td>\n",
       "    </tr>\n",
       "    <tr>\n",
       "      <th>Orb</th>\n",
       "      <td>0.154059</td>\n",
       "      <td>0.803951</td>\n",
       "      <td>0.767989</td>\n",
       "      <td>0.770345</td>\n",
       "      <td>0.780695</td>\n",
       "      <td>0.773361</td>\n",
       "      <td>0.239253</td>\n",
       "      <td>0.780292</td>\n",
       "      <td>0.802007</td>\n",
       "      <td>0.805550</td>\n",
       "      <td>...</td>\n",
       "      <td>0.173655</td>\n",
       "      <td>0.184986</td>\n",
       "      <td>0.000000</td>\n",
       "      <td>0.777121</td>\n",
       "      <td>0.768213</td>\n",
       "      <td>0.801750</td>\n",
       "      <td>0.805731</td>\n",
       "      <td>0.244814</td>\n",
       "      <td>0.805657</td>\n",
       "      <td>0.776168</td>\n",
       "    </tr>\n",
       "    <tr>\n",
       "      <th>PALv</th>\n",
       "      <td>0.778658</td>\n",
       "      <td>0.845314</td>\n",
       "      <td>0.273276</td>\n",
       "      <td>0.240015</td>\n",
       "      <td>0.154553</td>\n",
       "      <td>0.163779</td>\n",
       "      <td>0.781103</td>\n",
       "      <td>0.271562</td>\n",
       "      <td>0.851297</td>\n",
       "      <td>0.846924</td>\n",
       "      <td>...</td>\n",
       "      <td>0.780753</td>\n",
       "      <td>0.782239</td>\n",
       "      <td>0.777121</td>\n",
       "      <td>0.000000</td>\n",
       "      <td>0.240442</td>\n",
       "      <td>0.848307</td>\n",
       "      <td>0.850413</td>\n",
       "      <td>0.781428</td>\n",
       "      <td>0.853948</td>\n",
       "      <td>0.275950</td>\n",
       "    </tr>\n",
       "    <tr>\n",
       "      <th>PB</th>\n",
       "      <td>0.768799</td>\n",
       "      <td>0.835128</td>\n",
       "      <td>0.148798</td>\n",
       "      <td>0.164297</td>\n",
       "      <td>0.272407</td>\n",
       "      <td>0.184246</td>\n",
       "      <td>0.775885</td>\n",
       "      <td>0.291483</td>\n",
       "      <td>0.841033</td>\n",
       "      <td>0.836479</td>\n",
       "      <td>...</td>\n",
       "      <td>0.772660</td>\n",
       "      <td>0.771978</td>\n",
       "      <td>0.768213</td>\n",
       "      <td>0.240442</td>\n",
       "      <td>0.000000</td>\n",
       "      <td>0.837994</td>\n",
       "      <td>0.840109</td>\n",
       "      <td>0.778128</td>\n",
       "      <td>0.843744</td>\n",
       "      <td>0.258520</td>\n",
       "    </tr>\n",
       "    <tr>\n",
       "      <th>PO</th>\n",
       "      <td>0.799954</td>\n",
       "      <td>0.160865</td>\n",
       "      <td>0.834828</td>\n",
       "      <td>0.841663</td>\n",
       "      <td>0.852860</td>\n",
       "      <td>0.844897</td>\n",
       "      <td>0.801504</td>\n",
       "      <td>0.850980</td>\n",
       "      <td>0.163182</td>\n",
       "      <td>0.163441</td>\n",
       "      <td>...</td>\n",
       "      <td>0.801199</td>\n",
       "      <td>0.800289</td>\n",
       "      <td>0.801750</td>\n",
       "      <td>0.848307</td>\n",
       "      <td>0.837994</td>\n",
       "      <td>0.000000</td>\n",
       "      <td>0.171798</td>\n",
       "      <td>0.802449</td>\n",
       "      <td>0.216262</td>\n",
       "      <td>0.845836</td>\n",
       "    </tr>\n",
       "    <tr>\n",
       "      <th>PVH</th>\n",
       "      <td>0.804264</td>\n",
       "      <td>0.215169</td>\n",
       "      <td>0.836934</td>\n",
       "      <td>0.843733</td>\n",
       "      <td>0.854943</td>\n",
       "      <td>0.847001</td>\n",
       "      <td>0.807617</td>\n",
       "      <td>0.852980</td>\n",
       "      <td>0.172717</td>\n",
       "      <td>0.169402</td>\n",
       "      <td>...</td>\n",
       "      <td>0.807265</td>\n",
       "      <td>0.806460</td>\n",
       "      <td>0.805731</td>\n",
       "      <td>0.850413</td>\n",
       "      <td>0.840109</td>\n",
       "      <td>0.171798</td>\n",
       "      <td>0.000000</td>\n",
       "      <td>0.808528</td>\n",
       "      <td>0.158969</td>\n",
       "      <td>0.847852</td>\n",
       "    </tr>\n",
       "    <tr>\n",
       "      <th>STRd</th>\n",
       "      <td>0.270487</td>\n",
       "      <td>0.803782</td>\n",
       "      <td>0.778706</td>\n",
       "      <td>0.778275</td>\n",
       "      <td>0.785108</td>\n",
       "      <td>0.778572</td>\n",
       "      <td>0.140917</td>\n",
       "      <td>0.784578</td>\n",
       "      <td>0.802473</td>\n",
       "      <td>0.809454</td>\n",
       "      <td>...</td>\n",
       "      <td>0.179903</td>\n",
       "      <td>0.231293</td>\n",
       "      <td>0.244814</td>\n",
       "      <td>0.781428</td>\n",
       "      <td>0.778128</td>\n",
       "      <td>0.802449</td>\n",
       "      <td>0.808528</td>\n",
       "      <td>0.000000</td>\n",
       "      <td>0.806250</td>\n",
       "      <td>0.781331</td>\n",
       "    </tr>\n",
       "    <tr>\n",
       "      <th>Septum</th>\n",
       "      <td>0.804120</td>\n",
       "      <td>0.251109</td>\n",
       "      <td>0.840575</td>\n",
       "      <td>0.847252</td>\n",
       "      <td>0.858415</td>\n",
       "      <td>0.850546</td>\n",
       "      <td>0.805191</td>\n",
       "      <td>0.856364</td>\n",
       "      <td>0.164974</td>\n",
       "      <td>0.225865</td>\n",
       "      <td>...</td>\n",
       "      <td>0.805174</td>\n",
       "      <td>0.803669</td>\n",
       "      <td>0.805657</td>\n",
       "      <td>0.853948</td>\n",
       "      <td>0.843744</td>\n",
       "      <td>0.216262</td>\n",
       "      <td>0.158969</td>\n",
       "      <td>0.806250</td>\n",
       "      <td>0.000000</td>\n",
       "      <td>0.851269</td>\n",
       "    </tr>\n",
       "    <tr>\n",
       "      <th>ZI</th>\n",
       "      <td>0.778118</td>\n",
       "      <td>0.842832</td>\n",
       "      <td>0.252704</td>\n",
       "      <td>0.202350</td>\n",
       "      <td>0.261890</td>\n",
       "      <td>0.244034</td>\n",
       "      <td>0.780365</td>\n",
       "      <td>0.155937</td>\n",
       "      <td>0.848675</td>\n",
       "      <td>0.844361</td>\n",
       "      <td>...</td>\n",
       "      <td>0.779829</td>\n",
       "      <td>0.781681</td>\n",
       "      <td>0.776168</td>\n",
       "      <td>0.275950</td>\n",
       "      <td>0.258520</td>\n",
       "      <td>0.845836</td>\n",
       "      <td>0.847852</td>\n",
       "      <td>0.781331</td>\n",
       "      <td>0.851269</td>\n",
       "      <td>0.000000</td>\n",
       "    </tr>\n",
       "  </tbody>\n",
       "</table>\n",
       "<p>22 rows × 22 columns</p>\n",
       "</div>"
      ],
      "text/plain": [
       "                 Anterior Cortex       BST       CBN       CeA        DR  \\\n",
       "Unnamed: 0                                                                 \n",
       "Anterior Cortex         0.000000  0.802085  0.767738  0.771835  0.782352   \n",
       "BST                     0.802085  0.000000  0.831711  0.838632  0.849890   \n",
       "CBN                     0.767738  0.831711  0.000000  0.169033  0.294559   \n",
       "CeA                     0.771835  0.838632  0.169033  0.000000  0.253237   \n",
       "DR                      0.782352  0.849890  0.294559  0.253237  0.000000   \n",
       "EAM                     0.774943  0.841891  0.220469  0.183568  0.202048   \n",
       "GPe                     0.265669  0.802533  0.776517  0.776176  0.784735   \n",
       "GPi                     0.782261  0.848000  0.295624  0.245237  0.247196   \n",
       "LDT                     0.800444  0.216539  0.837856  0.844591  0.855803   \n",
       "LH                      0.804958  0.167614  0.833254  0.840179  0.851501   \n",
       "LHb                     0.785498  0.853318  0.319021  0.273134  0.193541   \n",
       "MHb                     0.786757  0.854684  0.333371  0.291417  0.175188   \n",
       "NAcCore                 0.203949  0.802975  0.773216  0.773602  0.784415   \n",
       "NAcMedS                 0.160810  0.801172  0.770546  0.775308  0.785988   \n",
       "Orb                     0.154059  0.803951  0.767989  0.770345  0.780695   \n",
       "PALv                    0.778658  0.845314  0.273276  0.240015  0.154553   \n",
       "PB                      0.768799  0.835128  0.148798  0.164297  0.272407   \n",
       "PO                      0.799954  0.160865  0.834828  0.841663  0.852860   \n",
       "PVH                     0.804264  0.215169  0.836934  0.843733  0.854943   \n",
       "STRd                    0.270487  0.803782  0.778706  0.778275  0.785108   \n",
       "Septum                  0.804120  0.251109  0.840575  0.847252  0.858415   \n",
       "ZI                      0.778118  0.842832  0.252704  0.202350  0.261890   \n",
       "\n",
       "                      EAM       GPe       GPi       LDT        LH  ...  \\\n",
       "Unnamed: 0                                                         ...   \n",
       "Anterior Cortex  0.774943  0.265669  0.782261  0.800444  0.804958  ...   \n",
       "BST              0.841891  0.802533  0.848000  0.216539  0.167614  ...   \n",
       "CBN              0.220469  0.776517  0.295624  0.837856  0.833254  ...   \n",
       "CeA              0.183568  0.776176  0.245237  0.844591  0.840179  ...   \n",
       "DR               0.202048  0.784735  0.247196  0.855803  0.851501  ...   \n",
       "EAM              0.000000  0.777365  0.260176  0.847876  0.843475  ...   \n",
       "GPe              0.777365  0.000000  0.784493  0.799565  0.808537  ...   \n",
       "GPi              0.260176  0.784493  0.000000  0.853805  0.849541  ...   \n",
       "LDT              0.847876  0.799565  0.853805  0.000000  0.210169  ...   \n",
       "LH               0.843475  0.808537  0.849541  0.210169  0.000000  ...   \n",
       "LHb              0.260072  0.787863  0.186753  0.859106  0.854906  ...   \n",
       "MHb              0.262703  0.789091  0.241897  0.860497  0.856292  ...   \n",
       "NAcCore          0.776943  0.175975  0.784034  0.801440  0.808174  ...   \n",
       "NAcMedS          0.778483  0.230754  0.785883  0.799879  0.807283  ...   \n",
       "Orb              0.773361  0.239253  0.780292  0.802007  0.805550  ...   \n",
       "PALv             0.163779  0.781103  0.271562  0.851297  0.846924  ...   \n",
       "PB               0.184246  0.775885  0.291483  0.841033  0.836479  ...   \n",
       "PO               0.844897  0.801504  0.850980  0.163182  0.163441  ...   \n",
       "PVH              0.847001  0.807617  0.852980  0.172717  0.169402  ...   \n",
       "STRd             0.778572  0.140917  0.784578  0.802473  0.809454  ...   \n",
       "Septum           0.850546  0.805191  0.856364  0.164974  0.225865  ...   \n",
       "ZI               0.244034  0.780365  0.155937  0.848675  0.844361  ...   \n",
       "\n",
       "                  NAcCore   NAcMedS       Orb      PALv        PB        PO  \\\n",
       "Unnamed: 0                                                                    \n",
       "Anterior Cortex  0.203949  0.160810  0.154059  0.778658  0.768799  0.799954   \n",
       "BST              0.802975  0.801172  0.803951  0.845314  0.835128  0.160865   \n",
       "CBN              0.773216  0.770546  0.767989  0.273276  0.148798  0.834828   \n",
       "CeA              0.773602  0.775308  0.770345  0.240015  0.164297  0.841663   \n",
       "DR               0.784415  0.785988  0.780695  0.154553  0.272407  0.852860   \n",
       "EAM              0.776943  0.778483  0.773361  0.163779  0.184246  0.844897   \n",
       "GPe              0.175975  0.230754  0.239253  0.781103  0.775885  0.801504   \n",
       "GPi              0.784034  0.785883  0.780292  0.271562  0.291483  0.850980   \n",
       "LDT              0.801440  0.799879  0.802007  0.851297  0.841033  0.163182   \n",
       "LH               0.808174  0.807283  0.805550  0.846924  0.836479  0.163441   \n",
       "LHb              0.787519  0.789229  0.783643  0.245805  0.311682  0.856267   \n",
       "MHb              0.788834  0.790487  0.784972  0.233756  0.317163  0.857622   \n",
       "NAcCore          0.000000  0.162533  0.173655  0.780753  0.772660  0.801199   \n",
       "NAcMedS          0.162533  0.000000  0.184986  0.782239  0.771978  0.800289   \n",
       "Orb              0.173655  0.184986  0.000000  0.777121  0.768213  0.801750   \n",
       "PALv             0.780753  0.782239  0.777121  0.000000  0.240442  0.848307   \n",
       "PB               0.772660  0.771978  0.768213  0.240442  0.000000  0.837994   \n",
       "PO               0.801199  0.800289  0.801750  0.848307  0.837994  0.000000   \n",
       "PVH              0.807265  0.806460  0.805731  0.850413  0.840109  0.171798   \n",
       "STRd             0.179903  0.231293  0.244814  0.781428  0.778128  0.802449   \n",
       "Septum           0.805174  0.803669  0.805657  0.853948  0.843744  0.216262   \n",
       "ZI               0.779829  0.781681  0.776168  0.275950  0.258520  0.845836   \n",
       "\n",
       "                      PVH      STRd    Septum        ZI  \n",
       "Unnamed: 0                                               \n",
       "Anterior Cortex  0.804264  0.270487  0.804120  0.778118  \n",
       "BST              0.215169  0.803782  0.251109  0.842832  \n",
       "CBN              0.836934  0.778706  0.840575  0.252704  \n",
       "CeA              0.843733  0.778275  0.847252  0.202350  \n",
       "DR               0.854943  0.785108  0.858415  0.261890  \n",
       "EAM              0.847001  0.778572  0.850546  0.244034  \n",
       "GPe              0.807617  0.140917  0.805191  0.780365  \n",
       "GPi              0.852980  0.784578  0.856364  0.155937  \n",
       "LDT              0.172717  0.802473  0.164974  0.848675  \n",
       "LH               0.169402  0.809454  0.225865  0.844361  \n",
       "LHb              0.858277  0.788242  0.861647  0.228500  \n",
       "MHb              0.859654  0.789599  0.863044  0.271616  \n",
       "NAcCore          0.807265  0.179903  0.805174  0.779829  \n",
       "NAcMedS          0.806460  0.231293  0.803669  0.781681  \n",
       "Orb              0.805731  0.244814  0.805657  0.776168  \n",
       "PALv             0.850413  0.781428  0.853948  0.275950  \n",
       "PB               0.840109  0.778128  0.843744  0.258520  \n",
       "PO               0.171798  0.802449  0.216262  0.845836  \n",
       "PVH              0.000000  0.808528  0.158969  0.847852  \n",
       "STRd             0.808528  0.000000  0.806250  0.781331  \n",
       "Septum           0.158969  0.806250  0.000000  0.851269  \n",
       "ZI               0.847852  0.781331  0.851269  0.000000  \n",
       "\n",
       "[22 rows x 22 columns]"
      ]
     },
     "execution_count": 35,
     "metadata": {},
     "output_type": "execute_result"
    }
   ],
   "source": [
    "rabies=pd.read_csv('data/rabies.input.regions.csv') #\n",
    "allen=pd.read_csv('data/allen.umap.means.csv')\n",
    "allen.set_index('Unnamed: 0',inplace=True)\n",
    "allen.rename(columns={\"VP\": \"PALv\", \"DStr\": \"STRd\", \"PBN\": \"PB\", \"BNST\": \"BST\", \n",
    "                      \"DCN\": \"CBN\",\"IL and PL\":\"Anterior Cortex\"},inplace=True)\n",
    "allen.rename(index={\"VP\": \"PALv\", \"DStr\": \"STRd\", \"PBN\": \"PB\", \"BNST\": \"BST\", \n",
    "                    \"DCN\": \"CBN\",\"IL and PL\":\"Anterior Cortex\"},inplace=True)\n",
    "allen.sort_index(axis=0, inplace=True)\n",
    "allen.sort_index(axis=1, inplace=True)\n",
    "allen"
   ]
  },
  {
   "cell_type": "code",
   "execution_count": 32,
   "id": "7dd81aec",
   "metadata": {},
   "outputs": [
    {
     "data": {
      "text/plain": [
       "['ACB',\n",
       " 'Anterior Cortex',\n",
       " 'BST',\n",
       " 'CBN',\n",
       " 'CEA',\n",
       " 'DR',\n",
       " 'EAM',\n",
       " 'GPe',\n",
       " 'GPi',\n",
       " 'LDT',\n",
       " 'LH',\n",
       " 'LHA',\n",
       " 'MH',\n",
       " 'PALv',\n",
       " 'PB',\n",
       " 'PO',\n",
       " 'PVH',\n",
       " 'STRd',\n",
       " 'Septum',\n",
       " 'ZI']"
      ]
     },
     "execution_count": 32,
     "metadata": {},
     "output_type": "execute_result"
    }
   ],
   "source": [
    "regions"
   ]
  },
  {
   "cell_type": "code",
   "execution_count": 36,
   "id": "2a5e8d52",
   "metadata": {},
   "outputs": [
    {
     "name": "stderr",
     "output_type": "stream",
     "text": [
      "C:\\Users\\Kat\\anaconda3\\lib\\site-packages\\seaborn\\matrix.py:619: ClusterWarning: scipy.cluster: The symmetric non-negative hollow observation matrix looks suspiciously like an uncondensed distance matrix\n",
      "  linkage = hierarchy.linkage(self.array, method=self.method,\n"
     ]
    },
    {
     "data": {
